0
(0, b'psm_yaw_joint', 0, 7, 6, 1, 0.0, 0.0, -1.5883, 1.5883, 100.0, 2.1, b'psm_yaw_link', (0.0, 0.0, 1.0), (0.0, 0.65656, 0.085607), (-0.5, 0.5, -0.49999999999755174, 0.5000000000024483), -1)
1
(1, b'psm_pitch_end_joint', 0, 8, 7, 1, 0.0, 0.0, -0.9251, 0.9251, 100.0, 2.1, b'psm_pitch_end_link', (0.0, 0.0, 1.0), (0.038769, 0.0, -0.527996), (0.5, 0.5, 0.49999999999755174, 0.5000000000024483), 0)
2
(2, b'psm_main_insertion_joint', 1, 9, 8, 1, 0.0, 0.0, 0.0, 0.24, 100.0, 1.0, b'psm_main_insertion_link', (0.0, 0.0, 1.0), (-0.0442293, 0.15195000000000003, 0.0), (-0.7071067811848163, 0.0, 0.0, 0.7071067811882787), 1)
3
(3, b'psm_tool_roll_joint', 0, 10, 9, 1, 0.0, 0.0, -4.5379, 4.5379, 100.0, 2.1, b'psm_tool_roll_link', (0.0, 0.0, 1.0), (0.00010934, 0.0040563, 0.4063384), (0.0, 0.0, 0.0, 1.0), 2)
4
(4, b'psm_tool_pitch_joint', 0, 11, 10, 1, 0.0, 0.0, -1.3963, 1.3963, 100.0, 2.1, b'psm_tool_pitch_link', (0.0, 0.0, 1.0), (0.0, 0.0, 0.0058234), (0.5, 0.5, 0.49999999999755174, 0.5000000000024483), 3)
5
(5, b'psm_tool_yaw_joint', 0, 12, 11, 1, 0.0, 0.0, -1.3963, 1.3963, 100.0, 2.1, b'psm_tool_yaw_link', (0.0, 0.0, 1.0), (0.0055237, 0.0, 0.0), (0.5, 0.5, 0.49999999999755174, 0.5000000000024483), 4)
6
(6, b'psm_tool_gripper1_joint', 0, 13, 12, 1, 0.0, 0.0, -1.0, 1.0, 20.0, 2.1, b'psm_tool_gripper1_link', (0.0, 0.0, 1.0), (0.0, 0.0, 0.0), (0.0, 0.0, 0.0, 1.0), 5)
7
(7, b'psm_tool_gripper2_joint', 0, 14, 13, 1, 0.0, 0.0, -1.0, 1.0, 20.0, 2.1, b'psm_tool_gripper2_link', (0.0, 0.0, 1.0), (0.0, 0.0, 0.0), (0.0, 0.0, 0.0, 1.0), 5)
8
(8, b'psm_tool_tip_joint', 4, -1, -1, 0, 0.0, 0.0, 0.0, -1.0, 0.0, 0.0, b'psm_tool_tip_link', (0.0, 0.0, 0.0), (0.0, 0.0102, 0.0), (0.5, 0.5, 0.49999999999755174, 0.5000000000024483), 5)
9
(9, b'psm_main_insertion_joint_2', 4, -1, -1, 0, 0.0, 0.0, 0.0, -1.0, 0.0, 0.0, b'psm_main_insertion_link_2', (0.0, 0.0, 0.0), (0.00010934, 0.0040563, -0.0098616), (0.0, 0.0, 0.0, 1.0), 2)
10
(10, b'psm_main_insertion_joint_3', 4, -1, -1, 0, 0.0, 0.0, 0.0, -1.0, 0.0, 0.0, b'psm_main_insertion_link_3', (0.0, 0.0, 0.0), (0.00010934, 0.0040563, -0.0098616), (0.0, 0.0, 0.0, 1.0), 2)
11
(11, b'psm_pitch_back_joint', 0, 15, 14, 1, 0.0, 0.0, -0.93556, 0.94249, 100.0, 10.0, b'psm_pitch_back_link', (0.0, 0.0, 1.0), (0.038769, 0.0, -0.011996000000000007), (0.6996665872622111, 0.10230672835402901, 0.10230672835352804, 0.699666587265637), 0)
12
(12, b'psm_pitch_bottom_joint', 0, 16, 15, 1, 0.0, 0.0, -0.94249, 0.93556, 100.0, 10.0, b'psm_pitch_bottom_link', (0.0, 0.0, 1.0), (0.161651, 0.036241, 0.0), (0.0, 0.0, -0.8019733156162401, 0.597359858912109), 11)
13
(13, b'psm_pitch_top_joint', 0, 17, 16, 1, 0.0, 0.0, -0.94249, 0.93556, 100.0, 10.0, b'psm_pitch_top_link', (0.0, 0.0, 1.0), (0.19531099999999998, 0.050362000000000004, 0.0), (0.0, 0.0, -0.8019733156162401, 0.597359858912109), 11)
14
(14, b'psm_pitch_front_joint', 0, 18, 17, 1, 0.0, 0.0, -0.93556, 0.94249, 100.0, 10.0, b'psm_pitch_front_link', (0.0, 0.0, 1.0), (0.038769, 0.0, -0.10799600000000004), (0.6996665872622111, 0.10230672835402901, 0.10230672835352804, 0.699666587265637), 0)
15
(15, b'psm_remote_center_joint', 4, -1, -1, 0, 0.0, 0.0, 0.0, -1.0, 0.0, 0.0, b'psm_remote_center_link', (0.0, 0.0, 0.0), (0.0, 0.65656, 0.085607), (0.0, 0.0, 0.0, 1.0), -1)
Version = 4.1 INTEL-20.6.1
Vendor = Intel Inc.
Renderer = Intel(R) Iris(TM) Plus Graphics 645
b3Printf: Selected demo: Physics Server
startThreads creating 1 threads.
starting thread 0
started thread 0 
MotionThreadFunc thread started
numActiveThreads = 0
stopping threads
Thread with taskId 0 exiting
Thread TERMINATED
destroy semaphore
semaphore destroyed
destroy main semaphore
main semaphore destroyed
